$MeshFormat
4.1 0 8
$EndMeshFormat
$Entities
12 12 1 0
1 0 0 0 0 
2 3.6 0 0 0 
3 3.6 0.6 0 0 
4 1.6 0.6 0 0 
5 1.6 1.68 0 0 
6 1.6 2.76 0 0 
7 1.6 3.84 0 0 
8 1.6 4.92 0 0 
9 1.6 6 0 0 
10 1.3 6 0 0 
11 1 0.6 0 0 
12 0 0.6 0 0 
1 0 0 0 3.6 0 0 0 2 1 -2 
2 3.6 0 0 3.6 0.6 0 0 2 2 -3 
3 1.6 0.6 0 3.6 0.6 0 0 2 3 -4 
4 1.6 0.6 0 1.6 1.68 0 0 2 4 -5 
5 1.6 1.68 0 1.6 2.76 0 0 2 5 -6 
6 1.6 2.76 0 1.6 3.84 0 0 2 6 -7 
7 1.6 3.84 0 1.6 4.92 0 0 2 7 -8 
8 1.6 4.92 0 1.6 6 0 0 2 8 -9 
9 1.3 6 0 1.6 6 0 0 2 9 -10 
10 1 0.5999999999999996 0 1.3 6 0 0 2 10 -11 
11 0 0.6 0 1 0.6 0 0 2 11 -12 
12 0 0 0 0 0.6 0 0 2 12 -1 
1 0 0 0 3.6 6 0 0 12 10 11 12 1 2 3 4 5 6 7 8 9 
$EndEntities
$Nodes
25 247 1 247
0 1 0 1
1
0 0 0
0 2 0 1
2
3.6 0 0
0 3 0 1
3
3.6 0.6 0
0 4 0 1
4
1.6 0.6 0
0 5 0 1
5
1.6 1.68 0
0 6 0 1
6
1.6 2.76 0
0 7 0 1
7
1.6 3.84 0
0 8 0 1
8
1.6 4.92 0
0 9 0 1
9
1.6 6 0
0 10 0 1
10
1.3 6 0
0 11 0 1
11
1 0.6 0
0 12 0 1
12
0 0.6 0
1 1 0 15
13
14
15
16
17
18
19
20
21
22
23
24
25
26
27
0.2211519485681034 0 0
0.4423038971363209 0 0
0.6634558455267409 0 0
0.8846077939171495 0 0
1.126858310346021 0 0
1.369108826774892 0 0
1.611359342928883 0 0
1.853609859083198 0 0
2.062073248231558 0 0
2.270536637379863 0 0
2.479000027360754 0 0
2.687463417341697 0 0
2.915597563318775 0 0
3.143731709295653 0 0
3.37186585464795 0 0
1 2 0 3
28
29
30
3.6 0.1499999999266259 0
3.6 0.2999999998531349 0
3.6 0.4499999999264186 0
1 3 0 7
31
32
33
34
35
36
37
3.351142855467341 0.6 0
3.102285710935089 0.6 0
2.85342856664608 0.6 0
2.604571422355992 0.6 0
2.353428566400551 0.6 0
2.102285710445539 0.6 0
1.85114285522311 0.6 0
1 4 0 7
38
39
40
41
42
43
44
1.6 0.7317905757850022 0
1.6 0.8635811515700538 0
1.6 0.9953717274069152 0
1.6 1.127162303243316 0
1.6 1.265371727488716 0
1.6 1.403581151733436 0
1.6 1.54179057586731 0
1 5 0 3
45
46
47
1.6 1.949999999867224 0
1.6 2.219999999735643 0
1.6 2.489999999867659 0
1 6 0 7
48
49
50
51
52
53
54
1.6 2.897429409858325 0
1.6 3.034858819716035 0
1.6 3.172288229532287 0
1.6 3.309717639349093 0
1.6 3.442288229400468 0
1.6 3.574858819451679 0
1.6 3.707429409725748 0
1 7 0 7
55
56
57
58
59
60
61
1.6 3.975000000009921 0
1.6 4.110000000019284 0
1.6 4.245000000018758 0
1.6 4.380000000019569 0
1.6 4.515000000051608 0
1.6 4.650000000081691 0
1.6 4.78500000004062 0
1 8 0 7
62
63
64
65
66
67
68
1.6 5.055000000600381 0
1.6 5.190000001201525 0
1.6 5.325000001837237 0
1.6 5.460000002473844 0
1.6 5.595000001969807 0
1.6 5.730000001465883 0
1.6 5.8650000007329 0
1 9 0 3
69
70
71
1.525000000036022 6 0
1.450000000073433 6 0
1.375000000036866 6 0
1 10 0 23
72
73
74
75
76
77
78
79
80
81
82
83
84
85
86
87
88
89
90
91
92
93
94
1.287830425077776 5.780947651399966 0
1.275660850155567 5.561895302800199 0
1.263491275230153 5.342842954142744 0
1.251321700304755 5.123790605485598 0
1.239148594659234 4.904674703866209 0
1.226975489013717 4.685558802246905 0
1.214802383385494 4.466442900938896 0
1.202629277757264 4.247326999630753 0
1.190456172111548 4.028211098007858 0
1.178283066465831 3.809095196384964 0
1.1661099608378 3.589979295080391 0
1.153936855209752 3.370863393775539 0
1.141722114621543 3.150998063187782 0
1.129507374033311 2.93113273259959 0
1.117292633416069 2.711267401489241 0
1.10507789279884 2.491402070379122 0
1.091494752969834 2.246905553457021 0
1.077911613140823 2.00240903653481 0
1.064328473197125 1.757912517548241 0
1.05074533325341 1.513415998561384 0
1.038058999891464 1.285061998046349 0
1.025372666529566 1.056707997532182 0
1.012686333264809 0.8283539987665618 0
1 11 0 3
95
96
97
0.7500000001228245 0.6 0
0.5000000002447751 0.6 0
0.2500000001223877 0.6 0
1 12 0 3
98
99
100
0 0.4500000000733391 0
0 0.3000000001468651 0
0 0.1500000000735813 0
2 1 0 147
101
102
103
104
105
106
107
108
109
110
111
112
113
114
115
116
117
118
119
120
121
122
123
124
125
126
127
128
129
130
131
132
133
134
135
136
137
138
139
140
141
142
143
144
145
146
147
148
149
150
151
152
153
154
155
156
157
158
159
160
161
162
163
164
165
166
167
168
169
170
171
172
173
174
175
176
177
178
179
180
181
182
183
184
185
186
187
188
189
190
191
192
193
194
195
196
197
198
199
200
201
202
203
204
205
206
207
208
209
210
211
212
213
214
215
216
217
218
219
220
221
222
223
224
225
226
227
228
229
230
231
232
233
234
235
236
237
238
239
240
241
242
243
244
245
246
247
1.73332222868359 0.300685782699912 0
1.443342826251315 5.642493242072637 0
1.478136084150325 3.895359214265089 0
1.374228894919586 4.202710006899919 0
1.429186044052555 1.866585133674076 0
1.30691377274561 2.416456213670714 0
2.652225761596521 0.3001649604586829 0
3.124556917810129 0.3001023381615244 0
2.193779469043371 0.3001686310272925 0
1.304431185409296 0.6034171331479499 0
1.311230652504249 1.302967457418687 0
1.306503408864956 0.9438272547243645 0
1.375841352499689 3.343328444022153 0
1.366959892531098 2.978050860419192 0
1.417335403910568 4.998266855249245 0
1.41034863139109 4.653326543666892 0
1.357142932664518 3.785734981850625 0
1.4258451166803 5.333146125971204 0
1.282810574988122 1.781550994872659 0
1.329954473620663 0.3016502644248547 0
1.502269539706313 5.778834101345705 0
1.484912592134824 4.072143686078784 0
1.452234749717504 2.170458919157341 0
0.4680740736791043 0.3002270674776879 0
0.9300424574292778 0.3001706605355023 0
3.134144313552891 0.1500511690807622 0
2.888391339703325 0.3001336493101037 0
2.669844589469109 0.1500824802293415 0
2.90199445151105 0.1500668246550518 0
3.113421314372609 0.4500511690807622 0
2.628398591976256 0.4500824802293414 0
2.870909953174702 0.4500668246550518 0
3.362278458905064 0.3000511690073296 0
3.356710657186203 0.4500255845035904 0
3.367072156776508 0.150025584503694 0
2.148032589744455 0.4500843155136462 0
2.423002615319946 0.3001667957429877 0
2.388215590860248 0.4500833978714938 0
2.232158053211617 0.1500843155136463 0
2.45100132134035 0.1500833978714939 0
1.963550848863481 0.3004272068636022 0
1.793466043883394 0.150342891349956 0
2.012812048547519 0.1502136034318011 0
1.666661114341795 0.450342891349956 0
1.907346852043295 0.4502136034318012 0
1.455615326252125 1.215064880331002 0
1.308867030684603 1.123397356071526 0
1.453251704432478 0.9037042031472091 0
1.454433515342301 1.05938454173922 0
1.305467297137126 0.7736221939361572 0
1.452215592704648 0.601708566573975 0
1.452733648568563 0.7527063848605797 0
1.165938037697261 1.000267626128273 0
1.152215592704648 0.601708566573975 0
1.159076815200968 0.8009880963513595 0
1.18098799287883 1.408191727990036 0
1.173463015288033 1.204229677058938 0
1.248233633282204 2.954591796509391 0
1.371400622515393 3.160689652220672 0
1.264889103854721 3.357095918898846 0
1.256561368568468 3.155843857704227 0
1.483479946265549 3.006454840067613 0
1.487920676249845 3.326523041685623 0
1.485700311257697 3.16648894087648 0
1.336936832638354 2.697253537044952 0
1.453456886372805 2.588228106835357 0
1.468468416319177 2.797341473451639 0
1.205995832772225 2.453929142024918 0
1.227114733027212 2.704260469267097 0
1.392288763155338 4.428018275283406 0
1.318662060202403 4.669442672956898 0
1.288429086338425 4.225018503265336 0
1.303545573270416 4.44723058811115 0
1.413842017650829 4.825796699458069 0
1.334328552107662 5.061028730367422 0
1.326495306155032 4.865235701662139 0
1.505174315695545 4.651663271874291 0
1.508667701955284 4.959133427624622 0
1.506921008825414 4.805398349749344 0
1.487114447459793 4.291355003459744 0
1.496144381577669 4.471509137667507 0
1.366492142582103 3.564531712936389 0
1.267712999565175 3.797415089117794 0
1.266301051709951 3.57725550400839 0
1.365685913792052 3.994222494375272 0
1.2780710429518 4.011216796191565 0
1.478571466332259 3.680296900651152 0
1.539068042075163 3.867679607132544 0
1.417639508407421 3.840547098057857 0
1.508819754203711 3.773988253891803 0
1.483246071291052 3.503409971168428 0
1.421590260295434 5.165706490610225 0
1.350752983417933 5.447520714385702 0
1.342540767762793 5.254274722376485 0
1.434593971465808 5.487819684021921 0
1.371671413125658 5.821246621036319 0
1.361212198271792 5.634383667710944 0
1.51292255834015 5.261573063586365 0
1.521671413125658 5.551246622273241 0
1.517296985732904 5.406409842929579 0
1.510795130147717 5.110353245605303 0
1.297020613746186 1.542259226145673 0
1.180361094064472 1.891980015703735 0
1.180674543471655 1.650085871846957 0
1.294862173866866 2.099003604271687 0
1.19317846341835 2.172954578864354 0
1.441405287494061 1.592566073303047 0
1.514593022026278 1.773292566837038 0
1.355998309520339 1.824068064273368 0
1.47799915476017 1.682929320070339 0
1.448510306873093 1.403815476817195 0
0.4551889854077126 0.150113533738844 0
0.9073251256732137 0.1500853302677511 0
0.699058265554191 0.3001988640065951 0
0.681257055540466 0.1500994320032976 0
0.9650212287146389 0.4500853302677511 0
0.4840370369619397 0.4501135337388439 0
0.7245291328385078 0.4500994320032975 0
1.531638351152127 0.3011680235623834 0
1.317192829514979 0.4525336987864023 0
1.491926971928387 0.4514382950681792 0
0.2340370368395521 0.3001135338122765 0
0.2420185184809699 0.4500567669060915 0
0.2275944927038278 0.1500567669062126 0
1.349531650197777 0.1508251322124274 0
1.12999846552497 0.3009104624801785 0
1.128428387935495 0.1504552312400892 0
1.571498847040504 0.1505840117811917 0
1.141107029114809 0.4513095145270767 0
1.476134769889873 5.889417050672852 0
1.551134769853156 5.754417051405794 0
1.538067384944589 5.877208525702876 0
1.472806182978814 5.710663671709171 0
1.536403091489407 5.652831836839489 0
1.42390309150784 5.855331835854585 0
1.429570743527205 4.137426846489351 0
1.542456296067412 4.091071843049034 0
1.514785371763602 4.191213423254055 0
1.481524338142575 3.983751450171936 0
1.540762169071288 3.979375725090929 0
1.423605125967313 3.988986972273604 0
1.379574261231557 2.293457566414027 0
1.526117374858752 2.195229459446492 0
1.489787130615779 2.391728783140843 0
1.44071039688503 2.018522026415709 0
1.520355198442515 1.984261013141467 0
1.367786285375948 2.058762815343698 0
$EndNodes
$Elements
25 308 1 308
0 1 15 1
1 1 
0 2 15 1
2 2 
0 3 15 1
3 3 
0 4 15 1
4 4 
0 5 15 1
5 5 
0 6 15 1
6 6 
0 7 15 1
7 7 
0 8 15 1
8 8 
0 9 15 1
9 9 
0 10 15 1
10 10 
0 11 15 1
11 11 
0 12 15 1
12 12 
1 1 1 16
13 1 13 
14 13 14 
15 14 15 
16 15 16 
17 16 17 
18 17 18 
19 18 19 
20 19 20 
21 20 21 
22 21 22 
23 22 23 
24 23 24 
25 24 25 
26 25 26 
27 26 27 
28 27 2 
1 2 1 4
29 2 28 
30 28 29 
31 29 30 
32 30 3 
1 3 1 8
33 3 31 
34 31 32 
35 32 33 
36 33 34 
37 34 35 
38 35 36 
39 36 37 
40 37 4 
1 4 1 8
41 4 38 
42 38 39 
43 39 40 
44 40 41 
45 41 42 
46 42 43 
47 43 44 
48 44 5 
1 5 1 4
49 5 45 
50 45 46 
51 46 47 
52 47 6 
1 6 1 8
53 6 48 
54 48 49 
55 49 50 
56 50 51 
57 51 52 
58 52 53 
59 53 54 
60 54 7 
1 7 1 8
61 7 55 
62 55 56 
63 56 57 
64 57 58 
65 58 59 
66 59 60 
67 60 61 
68 61 8 
1 8 1 8
69 8 62 
70 62 63 
71 63 64 
72 64 65 
73 65 66 
74 66 67 
75 67 68 
76 68 9 
1 9 1 4
77 9 69 
78 69 70 
79 70 71 
80 71 10 
1 10 1 24
81 10 72 
82 72 73 
83 73 74 
84 74 75 
85 75 76 
86 76 77 
87 77 78 
88 78 79 
89 79 80 
90 80 81 
91 81 82 
92 82 83 
93 83 84 
94 84 85 
95 85 86 
96 86 87 
97 87 88 
98 88 89 
99 89 90 
100 90 91 
101 91 92 
102 92 93 
103 93 94 
104 94 11 
1 11 1 4
105 11 95 
106 95 96 
107 96 97 
108 97 12 
1 12 1 4
109 12 98 
110 98 99 
111 99 100 
112 100 1 
2 1 3 196
113 24 25 129 128 
114 25 26 126 129 
115 129 126 108 127 
116 128 129 127 107 
117 107 127 132 131 
118 127 108 130 132 
119 132 130 32 33 
120 131 132 33 34 
121 108 133 134 130 
122 133 29 30 134 
123 134 30 3 31 
124 130 134 31 32 
125 26 27 135 126 
126 27 2 28 135 
127 135 28 29 133 
128 126 135 133 108 
129 34 35 138 131 
130 35 36 136 138 
131 138 136 109 137 
132 131 138 137 107 
133 107 137 140 128 
134 137 109 139 140 
135 140 139 22 23 
136 128 140 23 24 
137 109 141 143 139 
138 141 101 142 143 
139 143 142 20 21 
140 139 143 21 22 
141 36 37 145 136 
142 37 4 144 145 
143 145 144 101 141 
144 136 145 141 109 
145 41 146 149 40 
146 146 111 147 149 
147 149 147 112 148 
148 40 149 148 39 
149 39 148 152 38 
150 148 112 150 152 
151 152 150 110 151 
152 38 152 151 4 
153 112 153 155 150 
154 153 93 94 155 
155 155 94 11 154 
156 150 155 154 110 
157 111 156 157 147 
158 156 91 92 157 
159 157 92 93 153 
160 147 157 153 112 
161 83 84 161 160 
162 84 85 158 161 
163 161 158 114 159 
164 160 161 159 113 
165 113 159 164 163 
166 159 114 162 164 
167 164 162 49 50 
168 163 164 50 51 
169 114 165 167 162 
170 165 106 166 167 
171 167 166 6 48 
172 162 167 48 49 
173 106 165 169 168 
174 165 114 158 169 
175 169 158 85 86 
176 168 169 86 87 
177 104 170 173 172 
178 170 116 171 173 
179 173 171 77 78 
180 172 173 78 79 
181 77 171 176 76 
182 171 116 174 176 
183 176 174 115 175 
184 76 176 175 75 
185 116 177 179 174 
186 177 60 61 179 
187 179 61 8 178 
188 174 179 178 115 
189 104 180 181 170 
190 180 58 59 181 
191 181 59 60 177 
192 170 181 177 116 
193 83 160 184 82 
194 160 113 182 184 
195 184 182 117 183 
196 82 184 183 81 
197 104 172 186 185 
198 172 79 80 186 
199 186 80 81 183 
200 185 186 183 117 
201 117 187 190 189 
202 187 53 54 190 
203 190 54 7 188 
204 189 190 188 103 
205 113 163 191 182 
206 163 51 52 191 
207 191 52 53 187 
208 182 191 187 117 
209 75 175 194 74 
210 175 115 192 194 
211 194 192 118 193 
212 74 194 193 73 
213 73 193 197 72 
214 193 118 195 197 
215 197 195 102 196 
216 72 197 196 10 
217 118 198 200 195 
218 198 63 64 200 
219 200 64 65 199 
220 195 200 199 102 
221 115 178 201 192 
222 178 8 62 201 
223 201 62 63 198 
224 192 201 198 118 
225 91 156 204 90 
226 156 111 202 204 
227 204 202 119 203 
228 90 204 203 89 
229 106 168 206 205 
230 168 87 88 206 
231 206 88 89 203 
232 205 206 203 119 
233 119 207 210 209 
234 207 43 44 210 
235 210 44 5 208 
236 209 210 208 105 
237 111 146 211 202 
238 146 41 42 211 
239 211 42 43 207 
240 202 211 207 119 
241 124 212 215 214 
242 212 14 15 215 
243 215 15 16 213 
244 214 215 213 125 
245 124 214 218 217 
246 214 125 216 218 
247 218 216 11 95 
248 217 218 95 96 
249 120 219 221 220 
250 219 101 144 221 
251 221 144 4 151 
252 220 221 151 110 
253 124 217 223 222 
254 217 96 97 223 
255 223 97 12 98 
256 222 223 98 99 
257 124 222 224 212 
258 222 99 100 224 
259 224 100 1 13 
260 212 224 13 14 
261 16 17 227 213 
262 17 18 225 227 
263 227 225 120 226 
264 213 227 226 125 
265 101 219 228 142 
266 219 120 225 228 
267 228 225 18 19 
268 142 228 19 20 
269 125 226 229 216 
270 226 120 220 229 
271 229 220 110 154 
272 216 229 154 11 
273 9 69 232 68 
274 69 70 230 232 
275 232 230 121 231 
276 68 232 231 67 
277 67 231 234 66 
278 231 121 233 234 
279 234 233 102 199 
280 66 234 199 65 
281 70 71 235 230 
282 71 10 196 235 
283 235 196 102 233 
284 230 235 233 121 
285 58 180 238 57 
286 180 104 236 238 
287 238 236 122 237 
288 57 238 237 56 
289 56 237 240 55 
290 237 122 239 240 
291 240 239 103 188 
292 55 240 188 7 
293 104 185 241 236 
294 185 117 189 241 
295 241 189 103 239 
296 236 241 239 122 
297 6 166 244 47 
298 166 106 242 244 
299 244 242 123 243 
300 47 244 243 46 
301 46 243 246 45 
302 243 123 245 246 
303 246 245 105 208 
304 45 246 208 5 
305 106 205 247 242 
306 205 119 209 247 
307 247 209 105 245 
308 242 247 245 123 
$EndElements
